FEE      ALTRO   Channel Strip   
16       32       0        1018    
16       32       1        1017    
16       32       2        1020    
16       32       3        1019    
16       32       4        1022    
16       32       5        1021    
16       32       6        1024    
16       32       7        1023    
16       32       8        1031    
16       32       9        1032    
16       32       10       1029    
16       32       11       1030    
16       32       12       1027    
16       32       13       1028    
16       32       14       1025    
16       32       15       1026    
16       33       0        1001    
16       33       1        1002    
16       33       2        1003    
16       33       3        1004    
16       33       4        1005    
16       33       5        1006    
16       33       6        1007    
16       33       7        1008    
16       33       8        1016    
16       33       9        1015    
16       33       10       1014    
16       33       11       1013    
16       33       12       1012    
16       33       13       1011    
16       33       14       1010    
16       33       15       1009    
17       34       0        2018    
17       34       1        2017    
17       34       2        2020    
17       34       3        2019    
17       34       4        2022    
17       34       5        2021    
17       34       6        2024    
17       34       7        2023    
17       34       8        2031    
17       34       9        2032    
17       34       10       2029    
17       34       11       2030    
17       34       12       2027    
17       34       13       2028    
17       34       14       2025    
17       34       15       2026    
17       35       0        2001    
17       35       1        2002    
17       35       2        2003    
17       35       3        2004    
17       35       4        2005    
17       35       5        2006    
17       35       6        2007    
17       35       7        2008    
17       35       8        2016    
17       35       9        2015    
17       35       10       2014    
17       35       11       2013    
17       35       12       2012    
17       35       13       2011    
17       35       14       2010    
17       35       15       2009    
18       36       0        2050    
18       36       1        2049    
18       36       2        2052    
18       36       3        2051    
18       36       4        2054    
18       36       5        2053    
18       36       6        2056    
18       36       7        2055    
18       36       8        2063    
18       36       9        2064    
18       36       10       2061    
18       36       11       2062    
18       36       12       2059    
18       36       13       2060    
18       36       14       2057    
18       36       15       2058    
18       37       0        2033    
18       37       1        2034    
18       37       2        2035    
18       37       3        2036    
18       37       4        2037    
18       37       5        2038    
18       37       6        2039    
18       37       7        2040    
18       37       8        2048    
18       37       9        2047    
18       37       10       2046    
18       37       11       2045    
18       37       12       2044    
18       37       13       2043    
18       37       14       2042    
18       37       15       2041    
19       38       0        3050    
19       38       1        3049    
19       38       2        3052    
19       38       3        3051    
19       38       4        3054    
19       38       5        3053    
19       38       6        3056    
19       38       7        3055    
19       38       8        3063    
19       38       9        3064    
19       38       10       3061    
19       38       11       3062    
19       38       12       3059    
19       38       13       3060    
19       38       14       3057    
19       38       15       3058    
19       39       0        3033    
19       39       1        3034    
19       39       2        3035    
19       39       3        3036    
19       39       4        3037    
19       39       5        3038    
19       39       6        3039    
19       39       7        3040    
19       39       8        3048    
19       39       9        3047    
19       39       10       3046    
19       39       11       3045    
19       39       12       3044    
19       39       13       3043    
19       39       14       3042    
19       39       15       3041    
20       40       0        3018    
20       40       1        3017    
20       40       2        3020    
20       40       3        3019    
20       40       4        3022    
20       40       5        3021    
20       40       6        3024    
20       40       7        3023    
20       40       8        3031    
20       40       9        3032    
20       40       10       3029    
20       40       11       3030    
20       40       12       3027    
20       40       13       3028    
20       40       14       3025    
20       40       15       3026    
20       41       0        3001    
20       41       1        3002    
20       41       2        3003    
20       41       3        3004    
20       41       4        3005    
20       41       5        3006    
20       41       6        3007    
20       41       7        3008    
20       41       8        3016    
20       41       9        3015    
20       41       10       3014    
20       41       11       3013    
20       41       12       3012    
20       41       13       3011    
20       41       14       3010    
20       41       15       3009    
21       42       0        1050    
21       42       1        1049    
21       42       2        1052    
21       42       3        1051    
21       42       4        1054    
21       42       5        1053    
21       42       6        1056    
21       42       7        1055    
21       42       8        1063    
21       42       9        1064    
21       42       10       1061    
21       42       11       1062    
21       42       12       1059    
21       42       13       1060    
21       42       14       1057    
21       42       15       1058    
21       43       0        1033    
21       43       1        1034    
21       43       2        1035    
21       43       3        1036    
21       43       4        1037    
21       43       5        1038    
21       43       6        1039    
21       43       7        1040    
21       43       8        1048    
21       43       9        1047    
21       43       10       1046    
21       43       11       1045    
21       43       12       1044    
21       43       13       1043    
21       43       14       1042    
21       43       15       1041    
22       44       0        1082    
22       44       1        1081    
22       44       2        1084    
22       44       3        1083    
22       44       4        1086    
22       44       5        1085    
22       44       6        1088    
22       44       7        1087    
22       44       8        1095    
22       44       9        1096    
22       44       10       1093    
22       44       11       1094    
22       44       12       1091    
22       44       13       1092    
22       44       14       1089    
22       44       15       1090    
22       45       0        1065    
22       45       1        1066    
22       45       2        1067    
22       45       3        1068    
22       45       4        1069    
22       45       5        1070    
22       45       6        1071    
22       45       7        1072    
22       45       8        1080    
22       45       9        1079    
22       45       10       1078    
22       45       11       1077    
22       45       12       1076    
22       45       13       1075    
22       45       14       1074    
22       45       15       1073    
23       46       0        2082    
23       46       1        2081    
23       46       2        2084    
23       46       3        2083    
23       46       4        2086    
23       46       5        2085    
23       46       6        2088    
23       46       7        2087    
23       46       8        2095    
23       46       9        2096    
23       46       10       2093    
23       46       11       2094    
23       46       12       2091    
23       46       13       2092    
23       46       14       2089    
23       46       15       2090    
23       47       0        2065    
23       47       1        2066    
23       47       2        2067    
23       47       3        2068    
23       47       4        2069    
23       47       5        2070    
23       47       6        2071    
23       47       7        2072    
23       47       8        2080    
23       47       9        2079    
23       47       10       2078    
23       47       11       2077    
23       47       12       2076    
23       47       13       2075    
23       47       14       2074    
23       47       15       2073    
24       48       0        3082    
24       48       1        3081    
24       48       2        3084    
24       48       3        3083    
24       48       4        3086    
24       48       5        3085    
24       48       6        3088    
24       48       7        3087    
24       48       8        3095    
24       48       9        3096    
24       48       10       3093    
24       48       11       3094    
24       48       12       3091    
24       48       13       3092    
24       48       14       3089    
24       48       15       3090    
24       49       0        3065    
24       49       1        3066    
24       49       2        3067    
24       49       3        3068    
24       49       4        3069    
24       49       5        3070    
24       49       6        3071    
24       49       7        3072    
24       49       8        3080    
24       49       9        3079    
24       49       10       3078    
24       49       11       3077    
24       49       12       3076    
24       49       13       3075    
24       49       14       3074    
24       49       15       3073    
25       50       0        2112    
25       50       1        2111    
25       50       2        2114    
25       50       3        2113    
25       50       4        2116    
25       50       5        2115    
25       50       6        2118    
25       50       7        2117    
25       50       8        2125    
25       50       9        2126    
25       50       10       2123    
25       50       11       2124    
25       50       12       2121    
25       50       13       2122    
25       50       14       2119    
25       50       15       2120    
25       51       0        2095    
25       51       1        2096    
25       51       2        2097    
25       51       3        2098    
25       51       4        2099    
25       51       5        2100    
25       51       6        2101    
25       51       7        2102    
25       51       8        2110    
25       51       9        2109    
25       51       10       2108    
25       51       11       2107    
25       51       12       2106    
25       51       13       2105    
25       51       14       2104    
25       51       15       2103    
26       52       0        3144    
26       52       1        3143    
26       52       2        3146    
26       52       3        3145    
26       52       4        3148    
26       52       5        3147    
26       52       6        3150    
26       52       7        3149    
26       52       8        3157    
26       52       9        3158    
26       52       10       3155    
26       52       11       3156    
26       52       12       3153    
26       52       13       3154    
26       52       14       3151    
26       52       15       3152    
26       53       0        3127    
26       53       1        3128    
26       53       2        3129    
26       53       3        3130    
26       53       4        3131    
26       53       5        3132    
26       53       6        3133    
26       53       7        3134    
26       53       8        3142    
26       53       9        3141    
26       53       10       3140    
26       53       11       3139    
26       53       12       3138    
26       53       13       3137    
26       53       14       3136    
26       53       15       3135    
27       54       0        2176    
27       54       1        2175    
27       54       2        2178    
27       54       3        2177    
27       54       4        2180    
27       54       5        2179    
27       54       6        2182    
27       54       7        2181    
27       54       8        2189    
27       54       9        2190    
27       54       10       2187    
27       54       11       2188    
27       54       12       2185    
27       54       13       2186    
27       54       14       2183    
27       54       15       2184    
27       55       0        2159    
27       55       1        2160    
27       55       2        2161    
27       55       3        2162    
27       55       4        2163    
27       55       5        2164    
27       55       6        2165    
27       55       7        2166    
27       55       8        2174    
27       55       9        2173    
27       55       10       2172    
27       55       11       2171    
27       55       12       2170    
27       55       13       2169    
27       55       14       2168    
27       55       15       2167    
28       56       0        3112    
28       56       1        3111    
28       56       2        3114    
28       56       3        3113    
28       56       4        3116    
28       56       5        3115    
28       56       6        3118    
28       56       7        3117    
28       56       8        3125    
28       56       9        3126    
28       56       10       3123    
28       56       11       3124    
28       56       12       3121    
28       56       13       3122    
28       56       14       3119    
28       56       15       3120    
28       57       0        3095    
28       57       1        3096    
28       57       2        3097    
28       57       3        3098    
28       57       4        3099    
28       57       5        3100    
28       57       6        3101    
28       57       7        3102    
28       57       8        3110    
28       57       9        3109    
28       57       10       3108    
28       57       11       3107    
28       57       12       3106    
28       57       13       3105    
28       57       14       3104    
28       57       15       3103    
29       58       0        2144    
29       58       1        2143    
29       58       2        2146    
29       58       3        2145    
29       58       4        2148    
29       58       5        2147    
29       58       6        2150    
29       58       7        2149    
29       58       8        2157    
29       58       9        2158    
29       58       10       2155    
29       58       11       2156    
29       58       12       2153    
29       58       13       2154    
29       58       14       2151    
29       58       15       2152    
29       59       0        2127    
29       59       1        2128    
29       59       2        2129    
29       59       3        2130    
29       59       4        2131    
29       59       5        2132    
29       59       6        2133    
29       59       7        2134    
29       59       8        2142    
29       59       9        2141    
29       59       10       2140    
29       59       11       2139    
29       59       12       2138    
29       59       13       2137    
29       59       14       2136    
29       59       15       2135    
30       60       0        3176    
30       60       1        3175    
30       60       2        3178    
30       60       3        3177    
30       60       4        3180    
30       60       5        3179    
30       60       6        3182    
30       60       7        3181    
30       60       8        3189    
30       60       9        3190    
30       60       10       3187    
30       60       11       3188    
30       60       12       3185    
30       60       13       3186    
30       60       14       3183    
30       60       15       3184    
30       61       0        3159    
30       61       1        3160    
30       61       2        3161    
30       61       3        3162    
30       61       4        3163    
30       61       5        3164    
30       61       6        3165    
30       61       7        3166    
30       61       8        3174    
30       61       9        3173    
30       61       10       3172    
30       61       11       3171    
30       61       12       3170    
30       61       13       3169    
30       61       14       3168    
30       61       15       3167    
